""
 DGER = [

%######################################################################################################################################
% N?de Geradores |  PGMIN  |  PGMAX  |          COST_PG          |  MTU  |  MTD  |  HOT_COST  | COLD_COST  | HTC |
%                |         |         |     a       b       c     |       |       |            |            |     |
%######################################################################################################################################
       1             150       455       1000    16.19   0.00048     8       8        4500        9000        5    
       2             150       455       0970    17.26   0.00031     8       8        5000       10000        5    
       3             020       130       0700    16.60   0.02000     5       5        0550        1100        4    
       4             020       130       0680    16.50   0.02110     5       5        0560        1120        4    
       5             025       162       0450    19.70   0.00398     6       6        0900        1800        4    
       6             020       080       0370    22.26   0.00712     3       3        0170        0340        2     
       7             025       085       0480    27.74   0.00079     3       3        0260        0520        2    
       8             010       055       0660    25.92   0.00413     1       1        0030        0060        0    
       9             010       055       0665    27.27   0.00222     1       1        0030        0060        0    
      10             010       055       0670    27.79   0.00173     1       1        0030        0060        0    
      
      
        ];

 NGER=10;

 DLOAD=[
     
%######################################################################################################################################
% N?de HORAS |  CARGA  |  RESERVA GIRANTE |
%######################################################################################################################################
     1          700           70
     2          750           75
     3          850           85
     4          950           95
     5         1000          100
     6         1100          110
     7         1150          115
     8         1200          120
     9         1300          130
     10        1400          140
     11        1450          145
     12        1500          150
     13        1400          140
     14        1300          130
     15        1200          120
     16        1050          105
     17        1000          100
     18        1100          110
     19        1200          120
     20        1400          140
     21        1300          130
     22        1100          110
     23         900          090
     24         800          080
    
      ];
  
   TIME=24;